example_data/vy.asc
ncols         96
nrows         85
xllcorner     586661.4
yllcorner     1676989.6
cellsize      356.2
NODATA_value  -9999
[rows 29 to 57 of 85, columns 0 to 63 of 96]
-9999 -9999 -9999 -9999 -9999 -9999 -9999 -9999 -9999 -9999 -9999 -38.91592 -38.34896 -42.3568 -45.33017 -45.51792 -44.67878 -40.02016 -44.30991 -59.57049 -81.99287 -57.35341 -41.59157 -34.07535 -25.6286 -29.05118 -30.82285 -28.24786 -21.97371 -27.70445 -35.79813 -43.71515 -58.33351 -70.26524 -80.09737 -79.4332 -87.70966 -58.95729 -78.01781 -94.24918 -87.05799 -83.52306 -79.7709 -59.154 -52.72514 -36.03776 -19.70528 -14.63945 -14.91225 -14.28275 -11.97563 -9.850937 -4.114933 -5.297805 -11.90084 -18.19478 -19.9932 -14.03646 -89.16111 -127.3579 -136.5486 -137.4175 -130.4922 -129.3288
-9999 -9999 -9999 -9999 -9999 -9999 -9999 -9999 -9999 -9999 -9999 -9999 -36.57813 -37.69717 -42.0334 -44.83734 -50.28833 -51.35263 -50.17646 -59.50421 -103.9958 -69.37013 -28.46149 -38.40359 -34.33656 -33.42155 -32.78798 -29.71081 -19.4008 -14.53105 -21.45018 -31.79199 -45.72606 -61.74142 -79.67204 -100.2733 -111.3216 -84.17142 -84.52464 -97.3498 -88.3297 -93.95894 -93.35849 -71.97956 -66.60299 -46.77569 -30.14994 -24.68267 -22.57281 -16.429 -12.64038 -12.22861 -8.663525 -3.706824 -4.874121 -16.55305 -24.40244 -29.59044 -67.96854 -101.5347 -120.9036 -126.9341 -127.7457 -127.04
-9999 -9999 -9999 -9999 -9999 -9999 -9999 -9999 -9999 -9999 -9999 -9999 -35.25091 -33.57763 -38.79063 -38.50777 -50.3135 -54.3766 -59.17981 -57.3852 -75.5928 -58.83511 -55.79152 -60.34598 -49.73938 -41.88961 -36.83632 -30.97807 -19.49303 -5.764373 -9999 -15.10231 -31.80965 -51.53497 -73.05031 -95.20689 -109.3148 -94.15494 -103.6173 -103.4559 -92.36885 -100.9344 -96.43729 -86.0965 -74.40642 -58.15283 -45.23396 -33.24087 -26.16676 -18.24297 -14.17782 -13.45282 -12.10957 -7.748603 -10.19529 -22.63054 -35.38533 -49.75238 -70.27497 -89.98466 -103.7402 -116.1931 -123.8148 -123.1743
-9999 -9999 -9999 -9999 -9999 -9999 -9999 -9999 -9999 -9999 -9999 -9999 -36.43364 -37.09058 -39.90455 -38.71645 -48.52046 -55.40905 -63.00361 -62.56062 -65.95285 -62.55334 -75.61112 -58.61317 -54.36717 -48.79645 -41.67513 -32.95666 -20.53375 -9999 -9999 -9999 -15.49093 -39.70942 -64.44189 -87.9946 -117.0069 -93.06232 -153.4785 -106.6131 -111.8526 -99.62975 -95.99498 -94.54454 -78.83691 -63.83984 -50.60181 -36.33109 -27.9642 -18.42991 -15.80261 -15.34445 -13.29441 -11.68192 -20.60549 -32.70208 -45.63837 -59.64382 -74.71211 -87.25541 -83.81806 -105.9933 -112.5873 -118.6832
-9999 -9999 -9999 -9999 -9999 -9999 -9999 -9999 -9999 -9999 -9999 -9999 -9999 -44.19277 -43.16096 -42.37676 -48.55089 -56.00092 -65.77479 -69.92345 -75.26229 -79.01063 -77.45687 -75.88309 -66.87829 -55.64368 -47.88256 -39.23514 -25.54111 -9999 -9999 -9999 -9999 -27.05891 -57.6586 -90.13172 -127.1996 -109.4715 -124.1107 -109.4147 -117.4072 -102.3298 -98.00214 -95.31463 -79.03643 -63.59583 -48.43055 -36.21151 -27.03772 -19.75953 -17.23387 -19.32995 -19.8563 -21.39526 -30.34147 -42.07904 -54.88455 -67.85231 -80.40424 -93.47044 -85.71577 -100.2369 -105.6876 -110.0704
-9999 -9999 -9999 -9999 -9999 -9999 -9999 -9999 -9999 -9999 -9999 -9999 -9999 -42.7184 -46.16603 -47.62917 -48.35842 -52.63918 -65.17678 -74.13961 -77.79188 -85.95149 -90.73193 -96.97234 -85.79696 -53.77734 -57.54455 -50.88336 -35.73109 -17.39388 -9999 -9999 -9999 -9999 -50.47654 -82.64829 -111.8785 -111.8405 -97.59998 -104.0269 -100.5114 -102.6412 -103.8396 -96.4021 -74.67269 -62.3454 -50.50682 -32.79388 -24.65724 -21.60507 -17.54552 -27.27678 -29.77272 -32.66695 -39.53334 -50.04599 -64.11112 -77.063 -84.72897 -88.95181 -92.36774 -99.22652 -104.3675 -106.9402
-9999 -9999 -9999 -9999 -9999 -9999 -9999 -9999 -9999 -9999 -9999 -9999 -9999 -31.47308 -37.06627 -48.31062 -50.46304 -54.04455 -63.4429 -69.49191 -67.50613 -89.0389 -98.01845 -100.5905 -104.3626 -124.7445 -93.45473 -68.09778 -48.85234 -30.53552 -14.058 -9999 -9999 -9999 -46.17963 -74.44464 -99.06709 -118.1138 -111.4354 -104.6998 -99.02499 -107.231 -109.2369 -93.795 -72.59121 -55.6326 -31.45957 -34.31126 -27.33136 -23.27006 -23.10926 -29.13972 -36.21287 -39.51125 -45.30642 -54.62077 -66.45151 -75.48202 -85.8252 -87.57478 -90.86881 -102.6286 -103.2175 -105.7336
-9999 -9999 -9999 -9999 -9999 -9999 -9999 -9999 -9999 -9999 -9999 -9999 -9999 -9999 -31.01007 -40.7482 -50.10137 -58.88021 -51.31027 -68.02644 -71.6246 -87.65573 -99.64452 -105.9629 -110.7007 -128.1282 -106.969 -81.99032 -61.70663 -42.59844 -25.65346 -13.46681 -12.34096 -22.76892 -44.23986 -69.27205 -93.47125 -114.5076 -114.6383 -107.9337 -104.4678 -107.0445 -110.6576 -91.76419 -68.02136 -49.7636 -39.05121 -34.92053 -28.61457 -28.19565 -29.82266 -33.14186 -38.78665 -42.21342 -47.60837 -56.25447 -66.24094 -74.10584 -83.13523 -94.04362 -96.89754 -104.849 -104.2782 -109.1572
-9999 -9999 -9999 -9999 -9999 -9999 -9999 -9999 -9999 -9999 -9999 -9999 -9999 -9999 -9999 -38.68292 -47.78501 -59.50106 -57.30294 -64.78421 -72.97385 -78.43188 -92.86443 -104.868 -110.6733 -105.322 -101.165 -93.66217 -73.62437 -52.68121 -33.22348 -14.60904 -7.641579 -18.26883 -39.71474 -65.49648 -89.76594 -109.1808 -120.221 -105.7988 -107.6883 -113.3754 -98.97124 -99.06754 -71.06277 -50.66565 -44.32704 -31.58582 -28.87614 -28.20986 -31.3426 -36.20457 -39.56645 -45.51787 -46.06428 -56.33494 -69.07107 -79.24432 -86.98184 -97.50181 -103.6524 -108.6343 -110.7821 -112.7647
-9999 -9999 -9999 -9999 -9999 -9999 -9999 -9999 -9999 -9999 -9999 -9999 -9999 -9999 -9999 -9999 -43.82656 -46.18628 -64.78616 -68.66857 -70.23371 -76.27934 -89.45465 -101.5538 -112.8826 -116.7797 -110.3745 -101.3871 -82.94344 -61.30175 -40.1759 -19.40914 -5.626487 -2.219447 -31.69384 -63.70214 -90.61746 -112.858 -129.5184 -115.8033 -126.1847 -125.8493 -108.3033 -111.0892 -77.74173 -46.92174 -37.1818 -30.9059 -34.53529 -31.12327 -28.8063 -35.39737 -39.91606 -47.53312 -48.55531 -57.20364 -69.49304 -77.72122 -87.3035 -98.06358 -105.403 -114.0128 -116.5015 -120.7719
-9999 -9999 -9999 -9999 -9999 -9999 -9999 -9999 -9999 -9999 -9999 -9999 -9999 -9999 -9999 -9999 -9999 -37.94395 -40.26584 -59.62126 -73.38765 -78.46333 -91.78448 -102.4374 -100.1432 -114.4609 -116.682 -106.956 -90.35118 -68.8597 -47.36395 -27.22386 -10.45813 0.6876494 -30.67521 -66.59087 -96.32114 -120.3933 -138.6727 -141.3379 -147.2764 -142.2891 -126.4106 -107.8202 -78.51611 -46.452 -31.93369 -26.83147 -31.62307 -37.77903 -37.78828 -39.6 -39.74402 -49.00579 -64.83408 -69.95899 -67.80054 -70.20289 -62.67887 -88.17761 -104.1013 -112.9334 -119.9111 -127.7388
-9999 -9999 -9999 -9999 -9999 -9999 -9999 -9999 -9999 -9999 -9999 -9999 -9999 -9999 -9999 -9999 -9999 -9999 -36.47127 -51.88657 -71.5193 -91.67156 -91.68953 -106.227 -125.2071 -119.1134 -117.3892 -109.857 -94.85746 -75.20512 -53.70345 -31.44608 -9.531478 -11.75977 -39.47984 -74.99474 -107.7354 -133.7044 -145.7719 -154.1891 -157.292 -153.119 -136.6733 -116.0625 -79.53412 -40.39031 -9999 -9999 -9999 -40.10137 -42.73141 -47.41731 -46.20736 -50.45831 -63.7169 -91.14702 -79.31676 -76.41198 -74.95239 -87.90663 -101.8407 -111.5061 -123.1003 -128.8306
-9999 -9999 -9999 -9999 -9999 -9999 -9999 -9999 -9999 -9999 -9999 -9999 -9999 -9999 -9999 -9999 -9999 -9999 -9999 -53.66819 -57.93378 -85.11989 -100.3932 -112.637 -136.2731 -128.9764 -119.8035 -111.7607 -99.34221 -82.7549 -60.80481 -35.83235 -13.76845 -12.68296 -46.10564 -85.78004 -128.8882 -143.5696 -151.4815 -160.111 -162.6396 -158.1446 -140.3624 -116.2626 -73.80152 -9999 -9999 -9999 -9999 -9999 -9999 -36.96563 -48.41597 -53.2209 -58.35188 -74.75603 -70.32911 -86.61752 -95.08863 -101.5436 -106.1323 -113.5486 -122.1728 -125.931
-9999 -9999 -9999 -9999 -9999 -9999 -9999 -9999 -9999 -9999 -9999 -9999 -9999 -9999 -9999 -9999 -9999 -9999 -9999 -9999 -58.71566 -74.18286 -104.7704 -116.6038 -125.5502 -137.0845 -128.011 -117.1789 -106.8908 -97.3282 -70.14647 -41.32636 -11.18554 -20.82543 -54.71603 -91.93355 -130.1341 -147.8498 -156.1393 -163.2715 -165.2751 -157.7943 -138.8258 -110.809 -64.40579 -9999 -9999 -9999 -9999 -9999 -9999 -9999 -47.72634 -53.87997 -59.70932 -63.88692 -66.97738 -82.98271 -88.10683 -98.36594 -106.3299 -106.005 -122.2417 -127.0529
-9999 -9999 -9999 -9999 -9999 -9999 -9999 -9999 -9999 -9999 -9999 -9999 -9999 -9999 -9999 -9999 -9999 -9999 -9999 -9999 -9999 -77.68766 -91.01029 -119.985 -130.798 -142.0361 -131.1385 -123.9838 -113.5241 -100.4467 -74.09123 -51.06444 -30.58813 -42.47454 -66.89993 -94.41614 -121.8633 -144.8996 -156.8925 -159.8893 -157.6474 -151.1102 -133.3797 -106.1946 -59.10985 -9999 -9999 -9999 -9999 -9999 -9999 -9999 -9999 -55.9621 -61.60124 -68.98722 -72.86892 -83.73381 -85.63915 -94.86402 -104.2455 -109.0523 -121.6245 -127.2469
-9999 -9999 -9999 -9999 -9999 -9999 -9999 -9999 -9999 -9999 -9999 -9999 -9999 -9999 -9999 -9999 -9999 -9999 -9999 -9999 -9999 -9999 -98.24557 -144.6707 -133.6662 -137.4666 -137.0828 -140.5307 -119.9079 -98.25859 -77.90509 -63.37447 -56.13179 -60.92187 -75.83459 -96.32182 -119.5502 -141.8046 -150.361 -151.8895 -143.4095 -139.452 -124.7422 -95.72212 -51.74111 -9999 -9999 -9999 -9999 -9999 -9999 -9999 -9999 -43.69122 -57.84426 -69.84313 -74.99138 -82.92391 -97.862 -101.7244 -107.9592 -114.5115 -127.7794 -132.3328
-9999 -9999 -9999 -9999 -9999 -9999 -9999 -9999 -9999 -9999 -9999 -9999 -9999 -9999 -9999 -9999 -9999 -9999 -9999 -9999 -9999 -9999 -9999 -119.3856 -126.4734 -138.3269 -130.7763 -134.0036 -117.3165 -97.39708 -81.63887 -70.96277 -66.67131 -69.65578 -79.51247 -95.42455 -117.2334 -143.625 -145.1193 -146.114 -136.8894 -126.6074 -111.8453 -84.6075 -45.39245 -9999 -9999 -9999 -9999 -9999 -9999 -9999 -9999 -25.7324 -44.35198 -60.2481 -73.15106 -81.72977 -95.66234 -102.9388 -103.9332 -109.8884 -125.2239 -134.0562
-9999 -9999 -9999 -9999 -9999 -9999 -9999 -9999 -9999 -9999 -9999 -9999 -9999 -9999 -9999 -9999 -9999 -9999 -9999 -9999 -9999 -9999 -9999 -104.359 -129.9194 -135.8502 -129.4563 -121.2595 -108.7433 -92.97958 -80.11096 -72.27312 -69.57385 -71.46159 -77.34354 -88.56564 -109.1299 -134.2171 -142.6197 -146.0734 -136.0687 -119.9499 -101.3953 -70.39376 -41.55972 -9999 -9999 -9999 -9999 -9999 -9999 -9999 -9999 -9999 -27.89663 -46.34271 -67.86563 -84.41531 -94.73463 -109.7687 -109.1546 -116.3882 -128.3358 -135.9911
-9999 -9999 -9999 -9999 -9999 -9999 -9999 -9999 -9999 -9999 -9999 -9999 -9999 -9999 -9999 -9999 -9999 -9999 -9999 -9999 -9999 -9999 -9999 -9999 -136.7284 -162.2316 -127.8199 -119.2248 -102.6626 -84.97517 -73.23338 -68.39725 -67.87013 -69.47233 -71.13718 -69.41272 -95.93596 -122.7457 -144.7095 -145.9579 -133.9026 -117.5865 -97.7001 -61.79116 -37.9369 -9999 -9999 -9999 -9999 -9999 -9999 -9999 -9999 -9999 -5.387291 -32.4826 -68.77201 -82.8967 -96.30704 -108.4269 -119.985 -117.466 -117.1311 -134.2913
-9999 -9999 -9999 -9999 -9999 -9999 -9999 -9999 -9999 -9999 -9999 -9999 -9999 -9999 -9999 -9999 -9999 -9999 -9999 -9999 -9999 -9999 -9999 -9999 -126.5144 -139.7817 -123.7847 -111.4912 -93.48741 -70.49133 -58.52432 -60.7857 -64.00539 -66.83588 -69.0258 -69.98522 -92.08894 -116.6429 -137.0707 -139.0731 -130.8979 -116.4507 -97.92589 -69.89323 -40.43834 -24.22837 -9999 -9999 -9999 -9999 -9999 -9999 -9999 -9999 10.98873 -17.08831 -49.06187 -70.52101 -88.35387 -102.3976 -119.3167 -106.7114 -102.2632 -129.9313
-9999 -9999 -9999 -9999 -9999 -9999 -9999 -9999 -9999 -9999 -9999 -9999 -9999 -9999 -9999 -9999 -9999 -9999 -9999 -9999 -9999 -9999 -9999 -9999 -9999 -112.0895 -113.1386 -99.80717 -80.80569 -62.15557 -53.3656 -56.11362 -59.95648 -64.35524 -70.4269 -79.71653 -94.95403 -112.9713 -128.7271 -137.5955 -130.2585 -116.974 -98.61241 -76.68954 -49.68306 -35.46722 -20.87542 -9999 -9999 -9999 -9999 -9999 -9999 20.8167 14.27434 -3.601829 -32.15162 -54.21315 -79.21725 -100.8257 -113.6241 -104.2439 -115.0366 -134.5856
-9999 -9999 -9999 -9999 -9999 -9999 -9999 -9999 -9999 -9999 -9999 -9999 -9999 -9999 -9999 -9999 -9999 -9999 -9999 -9999 -9999 -9999 -9999 -9999 -9999 -110.273 -106.3976 -91.39007 -71.54304 -58.63018 -56.24514 -54.34375 -54.80229 -60.24208 -69.44089 -81.22605 -95.51897 -111.3747 -127.9271 -143.441 -131.7579 -117.1174 -99.67449 -81.3118 -59.11776 -44.60365 -28.39885 -15.79899 -8.917506 -9999 -9999 0.4072068 9.614614 25.89566 8.042639 -15.20016 -42.41703 -55.96281 -76.28719 -101.7492 -113.0021 -111.5642 -116.762 -140.1499
-9999 -9999 -9999 -9999 -9999 -9999 -9999 -9999 -9999 -9999 -9999 -9999 -9999 -9999 -9999 -9999 -9999 -9999 -9999 -9999 -9999 -9999 -9999 -9999 -9999 -106.48 -114.1695 -88.60468 -71.48259 -61.10753 -56.12603 -50.14108 -43.26751 -53.0166 -66.04969 -79.93767 -94.57713 -109.2779 -126.3739 -147.734 -136.6357 -117.3363 -101.2583 -85.10812 -64.7731 -51.02425 -36.94869 -24.19436 -12.26866 -13.73091 -14.89693 -2.599993 11.61468 18.92022 -7.741667 -30.07171 -58.50943 -65.13113 -80.64168 -95.14182 -110.7665 -120.4904 -129.9327 -136.8315
-9999 -9999 -9999 -9999 -9999 -9999 -9999 -9999 -9999 -9999 -9999 -9999 -9999 -9999 -9999 -9999 -9999 -9999 -9999 -9999 -9999 -9999 -9999 -9999 -9999 -9999 -102.3644 -87.73285 -73.29921 -63.89609 -54.29903 -46.40663 -38.42065 -47.9338 -61.66198 -78.17013 -94.7057 -104.7926 -119.0753 -133.4891 -132.032 -118.2974 -103.9271 -90.93042 -73.39253 -57.33291 -43.30141 -29.28035 -18.70134 -18.76927 -30.14946 -1.65571 10.74372 4.932938 -19.40828 -37.39805 -57.43816 -67.77519 -82.79838 -91.96592 -111.7723 -121.9575 -127.8082 -129.146
-9999 -9999 -9999 -9999 -9999 -9999 -9999 -9999 -9999 -9999 -9999 -9999 -9999 -9999 -9999 -9999 -9999 -9999 -9999 -9999 -9999 -9999 -9999 -9999 -9999 -9999 -82.65848 -81.68947 -76.30275 -66.67377 -52.2155 -43.47725 -41.43148 -44.64274 -51.4658 -74.45244 -104.4191 -105.5622 -112.4766 -112.4536 -115.2883 -116.57 -108.4812 -96.25652 -82.71936 -66.3843 -50.41955 -32.39072 -24.52192 -28.70328 -34.92331 -8.84217 -9.983677 -8.135881 -26.48523 -47.84185 -59.23135 -69.23608 -80.47859 -89.55887 -111.285 -119.7716 -114.077 -121.5281
-9999 -9999 -9999 -9999 -9999 -9999 -9999 -9999 -9999 -9999 -9999 -9999 -9999 -9999 -9999 -9999 -9999 -9999 -9999 -9999 -9999 -9999 -9999 -9999 -9999 -9999 -9999 -76.73634 -76.20589 -67.94549 -55.68236 -59.15654 -44.80836 -43.7044 -47.66845 -55.45721 -82.17401 -82.98117 -116.548 -132.3136 -122.2267 -126.7053 -106.8008 -97.76413 -85.87012 -73.39993 -57.67575 -41.13623 -27.39147 -41.72173 -28.36185 -7.942637 -30.40004 -35.23839 -42.11123 -58.22545 -61.74967 -73.73307 -84.90331 -90.03464 -99.62898 -101.4113 -107.3298 -119.5358
-9999 -9999 -9999 -9999 -9999 -9999 -9999 -9999 -9999 -9999 -9999 -9999 -9999 -9999 -9999 -9999 -9999 -9999 -9999 -9999 -9999 -9999 -9999 -9999 -9999 -9999 -9999 -74.29478 -70.55135 -62.43237 -57.31252 -67.61594 -50.63998 -43.09772 -39.99693 -23.28898 -54.11128 -82.46522 -94.19711 -140.4961 -140.4649 -134.126 -112.5736 -101.0258 -88.88626 -74.79906 -58.23751 -46.99583 -35.34579 -38.8836 -34.37225 -27.41143 -39.40063 -53.1221 -57.65593 -63.58549 -65.88938 -71.58257 -86.07645 -83.79027 -90.72447 -92.25087 -104.0755 -117.7131
-9999 -9999 -9999 -9999 -9999 -9999 -9999 -9999 -9999 -9999 -9999 -9999 -9999 -9999 -9999 -9999 -9999 -9999 -9999 -9999 -9999 -9999 -9999 -9999 -9999 -9999 -9999 -74.37437 -65.19727 -56.21696 -52.65306 -56.78894 -53.09149 -44.45622 -39.92081 -30.04446 -48.63142 -75.45585 -66.49362 -116.722 -157.1955 -137.5959 -119.5104 -106.5439 -95.85139 -80.04247 -58.90079 -45.96701 -39.80951 -34.75763 -38.06609 -38.82834 -45.00066 -55.30847 -63.60119 -66.02354 -69.83629 -71.51709 -84.01823 -80.09387 -87.03093 -87.9063 -88.87896 -107.9605
-9999 -9999 -9999 -9999 -9999 -9999 -9999 -9999 -9999 -9999 -9999 -9999 -9999 -9999 -9999 -9999 -9999 -9999 -9999 -9999 -9999 -9999 -9999 -9999 -9999 -9999 -9999 -9999 -53.97625 -55.1045 -49.22039 -42.09299 -46.29155 -45.20085 -40.27294 -37.03276 -35.70669 -71.20979 -57.09456 -91.94388 -103.1664 -123.8501 -121.0475 -110.1005 -99.15257 -84.28531 -69.5276 -53.53913 -43.42192 -38.82785 -39.59991 -41.81737 -50.11107 -56.03344 -60.5572 -64.58753 -73.48772 -80.05199 -86.88472 -84.27094 -98.36006 -89.2393 -87.90393 -105.5243
