example_data/vy.asc
ncols         96
nrows         85
xllcorner     586661.4
yllcorner     1676989.6
cellsize      356.2
NODATA_value  -9999
[rows 0 to 28 of 85, columns 0 to 63 of 96]
-9999 -9999 -9999 -9999 -9999 -9999 -9999 -9999 -9999 -9999 -9999 -9999 -9999 -9999 -9999 -9999 -9999 -9999 -9999 -9999 -9999 -9999 -9999 -9999 -9999 -9999 -9999 -9999 -9999 -9999 -9999 -9999 -9999 -9999 -9999 -9999 -9999 -9999 -9999 -9999 -9999 -9999 -9999 -9999 -9999 -9999 -9999 -9999 -9999 -9999 -9999 -9999 -9999 -9999 -9999 -9999 -9999 -9999 -9999 -9999 -9999 -9999 -9999 -9999
-9999 -9999 -9999 -9999 -9999 -9999 -9999 -9999 -9999 -9999 -9999 -9999 -9999 -9999 -9999 -9999 -9999 -9999 -9999 -9999 -9999 -9999 -9999 -9999 -9999 -9999 -9999 -9999 -9999 -9999 -9999 -9999 -9999 -9999 -9999 -9999 -9999 -9999 -9999 -9999 -9999 -9999 -9999 -9999 -9999 -9999 -9999 -9999 -9999 -9999 -9999 -9999 -9999 -9999 -9999 -9999 -9999 -9999 -9999 -9999 -9999 -9999 -9999 -9999
-9999 -9999 -9999 -9999 -9999 -9999 -9999 -9999 -9999 -9999 -9999 -9999 -9999 -9999 -9999 -9999 -9999 -9999 -9999 -9999 -9999 -9999 -9999 -9999 -9999 -9999 -9999 -9999 -9999 -9999 -9999 -9999 -9999 -9999 -9999 -9999 -9999 -9999 -9999 -9999 -9999 -9999 -9999 -9999 -9999 -9999 -9999 -9999 -9999 -9999 -9999 -9999 -9999 -9999 -9999 -9999 -9999 -9999 -9999 -9999 -9999 -9999 -9999 -9999
-9999 -9999 -9999 -9999 -9999 -9999 -9999 -9999 -9999 -9999 -9999 -9999 -9999 -9999 -9999 -9999 -9999 -9999 -9999 -9999 -9999 -9999 -9999 -9999 -9999 -9999 -9999 -9999 -9999 -23.25865 -15.51851 -7.726509 1.097411 -5.52278 -18.08762 -37.01641 -50.27789 -9999 -9999 -9999 -9999 -9999 -9999 -9999 -9999 -9999 -9999 -9999 -9999 -9999 -9999 -9999 -9999 -9999 -9999 -9999 -9999 -9999 -9999 -9999 -9999 -9999 -9999 -9999
-9999 -9999 -9999 -9999 -9999 -9999 -9999 -9999 -9999 -9999 -9999 -9999 -9999 -9999 -9999 -9999 -9999 -9999 -9999 -9999 -77.59745 -85.04664 -75.50557 -68.73653 -64.15881 -58.59321 -50.75607 -40.39796 -28.84982 -17.52203 -8.774004 -5.627291 -7.049082 -12.68016 -27.9773 -49.93479 -61.70439 -73.8746 -79.05302 -9999 -9999 -9999 -9999 -9999 -9999 -9999 -9999 -9999 -9999 -9999 -9999 -9999 -9999 -9999 -9999 -9999 -9999 -9999 -9999 -9999 -9999 -9999 -9999 -9999
-9999 -9999 -9999 -9999 -9999 -9999 -9999 -9999 -9999 -9999 -9999 -9999 -9999 -9999 -9999 -9999 -9999 -9999 -85.61783 -82.04839 -64.62812 -81.07228 -66.54755 -64.97124 -64.59916 -62.20543 -54.38703 -40.49903 -25.31383 -10.29657 6.075088 -0.5146798 -9.895267 -22.82398 -39.75407 -56.86458 -66.13837 -78.58606 -88.9026 -90.06306 -9999 -9999 -9999 -9999 -9999 -9999 -9999 -9999 -9999 -9999 -9999 -9999 -9999 -9999 -9999 -9999 -9999 -9999 -9999 -9999 -9999 -9999 -9999 -9999
-9999 -9999 -9999 -9999 -9999 -9999 -9999 -9999 -9999 -9999 -9999 -9999 -9999 -9999 -9999 -9999 -9999 -93.21615 -97.69415 -91.3119 -83.95596 -85.61537 -73.18315 -68.78043 -66.23992 -61.36853 -56.60593 -40.6773 -20.70613 -4.998066 8.045421 -0.2182779 -13.20961 -27.44855 -46.72341 -60.35945 -69.99081 -81.83615 -91.18362 -100.9374 -99.02555 -9999 -9999 -9999 -9999 -9999 -9999 -9999 -9999 -9999 -9999 -9999 -9999 -9999 -9999 -9999 -9999 -9999 -9999 -9999 -9999 -9999 -9999 -9999
-9999 -9999 -9999 -9999 -9999 -9999 -9999 -9999 -9999 -9999 -9999 -9999 -9999 -9999 -9999 -93.75748 -95.89471 -92.56341 -92.14354 -90.81694 -96.33462 -92.19473 -86.50189 -76.39687 -69.73553 -62.78715 -51.65736 -39.11187 -18.87507 -4.310734 4.507933 -2.961376 -20.04208 -36.596 -53.89352 -62.97429 -72.07775 -84.56374 -94.09422 -103.034 -109.2026 -108.1884 -9999 -9999 -9999 -9999 -9999 -9999 -9999 -9999 -9999 -9999 -9999 -9999 -9999 -9999 -9999 -9999 -9999 -9999 -9999 -9999 -9999 -9999
-9999 -9999 -9999 -9999 -9999 -9999 -9999 -9999 -9999 -9999 -9999 -9999 -9999 -92.69109 -84.01277 -86.99032 -92.88235 -87.46597 -88.17598 -88.9044 -91.53239 -89.61292 -88.36217 -76.68208 -74.24276 -72.41563 -68.74833 -50.66956 -27.85594 -9.51335 -0.6076436 -5.147 -27.49627 -37.92311 -48.32653 -63.45598 -80.87363 -106.2952 -103.0947 -111.9011 -121.945 -124.0568 -119.3719 -9999 -9999 -9999 -9999 -9999 -9999 -9999 -9999 -9999 -9999 -9999 -9999 -9999 -9999 -9999 -9999 -9999 -9999 -9999 -9999 -9999
-9999 -9999 -9999 -9999 -9999 -9999 -9999 -9999 -9999 -9999 -9999 -9999 -71.83156 -62.12471 -72.56208 -83.70511 -91.92513 -67.29497 -84.88111 -93.44429 -90.65033 -88.38263 -88.38779 -82.79731 -81.71175 -84.71114 -80.54111 -57.56057 -35.02122 -22.84855 -12.67616 -14.30634 -33.39653 -41.11111 -51.18538 -65.59455 -83.36307 -147.2394 -108.027 -122.3834 -137.0639 -139.3585 -137.4483 -126.3979 -9999 -9999 -9999 -9999 -9999 -9999 -9999 -9999 -9999 -9999 -9999 -9999 -9999 -9999 -9999 -9999 -9999 -9999 -9999 -9999
-9999 -9999 -9999 -9999 -9999 -9999 -9999 -9999 -9999 -9999 -9999 -52.83471 -60.12071 -34.20382 -60.25585 -82.25593 -89.26898 -73.13522 -90.90662 -97.43603 -95.57606 -89.66287 -88.3941 -86.96064 -87.3386 -89.03585 -82.12115 -63.98191 -49.03976 -36.80878 -26.04427 -31.30638 -43.09798 -52.3747 -56.78974 -65.70069 -79.56096 -122.0563 -117.7936 -135.8543 -144.752 -145.8014 -142.1582 -131.0678 -110.1157 -9999 -9999 -9999 -9999 -9999 -9999 -9999 -9999 -9999 -9999 -9999 -9999 -9999 -9999 -9999 -9999 -9999 -9999 -9999
-9999 -9999 -9999 -9999 -9999 -9999 -9999 -9999 -9999 -9999 -32.06773 -38.81674 -45.40541 -44.40159 -66.17616 -77.70297 -90.04546 -86.29458 -92.38474 -94.39039 -94.90473 -90.95299 -84.48653 -86.82568 -90.58004 -92.55658 -91.8129 -85.03032 -69.18928 -54.84441 -45.98646 -48.04024 -52.0509 -55.07614 -57.1016 -67.34879 -74.60266 -88.73718 -119.6996 -137.2623 -140.942 -145.4569 -136.5257 -109.5619 -86.81072 -82.8529 -9999 -9999 -9999 -9999 -9999 -9999 -9999 -9999 -9999 -9999 -9999 -9999 -9999 -9999 -9999 -9999 -9999 -9999
-9999 -9999 -9999 -9999 -9999 -9999 -9999 -9999 -9999 -9.158868 -22.24862 -30.50379 -37.18836 -46.55001 -58.46384 -71.61113 -84.17101 -81.54715 -79.50127 -90.92102 -90.96925 -87.9166 -86.15176 -90.18607 -95.60387 -99.57283 -100.0697 -99.32748 -91.58964 -80.77684 -69.67291 -57.45795 -55.59108 -56.03151 -61.99654 -69.00697 -74.09422 -91.3559 -110.8387 -116.2771 -116.1523 -117.3231 -104.191 -79.88866 -63.74815 -70.05476 -76.83253 -80.4529 -9999 -9999 -9999 -9999 -9999 -9999 -9999 -9999 -9999 -9999 -9999 -9999 -9999 -9999 -9999 -9999
-9999 -9999 -9999 -9999 -9999 -9999 -9999 -9999 -9.064898 -14.29962 -22.55273 -28.80689 -34.54876 -39.72705 -44.2818 -57.58698 -66.73813 -69.77032 -72.8222 -90.76932 -92.59338 -90.80183 -89.57433 -94.23955 -101.8361 -109.8902 -115.8727 -116.8001 -111.1242 -99.40448 -84.32068 -64.16504 -56.55793 -56.12084 -61.63653 -66.57796 -71.88748 -72.93997 -71.91264 -72.23338 -79.2956 -79.68289 -68.0863 -57.45421 -56.54107 -64.71944 -73.03445 -78.58561 -79.70271 -80.52956 -9999 -9999 -9999 -9999 -9999 -9999 -9999 -9999 -9999 -9999 -9999 6.899616 -6.627624 -29.04049
-9999 -9999 -9999 -9999 -9999 -9999 -9999 -10.61914 -14.273 -27.15718 -27.60948 -26.34951 -32.29624 -37.47482 -40.01131 -45.67413 -51.78386 -58.03773 -63.36739 -81.04562 -91.64091 -95.04416 -89.46072 -96.68665 -106.6432 -124.6411 -128.8138 -128.1882 -118.9025 -110.2418 -96.82214 -73.30676 -59.40581 -54.26839 -54.54025 -54.91935 -59.801 -51.43068 -37.55697 -41.27806 -51.32408 -55.26324 -49.83704 -44.7044 -54.27155 -62.02448 -72.27998 -79.07795 -81.13434 -81.77444 -81.71095 -81.6212 -81.7724 -81.9677 -81.68549 -83.75961 -85.04891 -85.40527 -70.48704 -53.52221 -34.33239 -11.60502 -20.8156 -37.2495
-9999 -9999 -9999 -9999 -9999 -9999 -9999 -4.264354 -8.595762 -15.10766 -16.64572 -24.13924 -38.35598 -38.17816 -37.38818 -38.43336 -39.14457 -45.13999 -49.11601 -67.98825 -89.63765 -101.6736 -98.83434 -101.2056 -111.29 -120.007 -125.496 -127.0018 -126.2003 -117.9779 -107.1572 -83.11716 -63.38258 -53.40654 -44.54913 -36.7412 -32.84899 -26.32765 -15.57679 -16.35696 -25.94701 -33.63916 -36.35906 -41.88029 -48.84454 -58.41485 -71.19678 -80.66 -83.87333 -83.75985 -82.78214 -82.62483 -83.50222 -85.04301 -86.92125 -91.17843 -95.55941 -89.01859 -76.76171 -66.68759 -52.89413 -48.28535 -54.07341 -56.48427
-9999 -9999 -9999 -9999 -9999 -9999 -7.504875 -2.907336 -0.8500705 -5.362542 -10.94533 -22.17655 -34.581 -34.60698 -32.81163 -31.876 -30.93491 -36.55776 -39.57129 -60.55888 -78.28555 -94.63143 -89.15526 -99.25149 -115.8526 -115.0176 -117.5534 -122.7679 -127.198 -119.631 -106.9297 -88.73143 -70.76722 -50.33677 -33.43946 -15.91176 -2.46826 1.661 4.981462 -0.3749865 -8.971316 -18.61254 -25.7434 -33.17131 -38.74337 -48.34609 -64.26579 -80.17041 -89.51707 -86.31921 -82.76554 -82.52132 -84.53903 -88.02731 -92.72598 -98.88152 -105.2519 -95.29506 -82.1795 -77.98295 -67.36443 -65.42974 -67.37714 -68.01387
-9999 -9999 -9999 -9999 -9999 -9999 -10.774 -7.182223 -4.214081 -8.204665 -13.87278 -20.22386 -25.72005 -27.77019 -27.47138 -26.19967 -23.59527 -17.8948 -29.53967 -53.28893 -65.19626 -79.60122 -81.01744 -95.96754 -104.3082 -107.8642 -112.303 -119.4199 -121.6583 -109.703 -101.3003 -88.90177 -76.40585 -52.30346 -24.62214 4.939664 20.32377 22.15002 16.82505 9.115461 1.835389 -5.979359 -20.41093 -25.05965 -30.76336 -40.56923 -51.03074 -60.88739 -90.13584 -84.94388 -79.3382 -80.22348 -84.18562 -89.9404 -96.93287 -105.0949 -114.6301 -112.2115 -90.73824 -84.30701 -76.54559 -71.89346 -70.00957 -71.03674
-9999 -9999 -9999 -9999 -9999 -16.60925 -13.32641 -11.10002 -10.44199 -12.1184 -15.31369 -18.856 -21.6463 -22.90404 -22.81988 -21.68536 -18.8342 -13.80608 -25.03587 -42.41864 -53.12182 -68.41713 -78.05649 -88.86626 -93.86595 -103.773 -110.188 -118.1333 -114.8217 -107.1412 -98.20272 -88.50209 -75.77831 -57.66594 -27.0546 6.295446 25.00806 28.69754 25.9987 22.58624 18.12147 8.10629 -9.887772 -17.27078 -23.30377 -31.09272 -36.82136 -43.42752 -66.76644 -69.47978 -70.32532 -75.1326 -82.13724 -90.67296 -100.1371 -109.472 -116.7402 -114.5956 -95.99303 -84.6245 -81.84106 -75.88777 -73.93681 -73.51255
-9999 -9999 -9999 -9999 -9999 -16.97294 -14.85674 -13.64489 -13.70614 -14.69361 -16.35923 -18.27642 -19.34162 -19.37905 -19.05628 -18.57911 -17.96294 -18.88682 -24.37737 -30.83267 -41.6594 -56.76164 -68.79993 -78.88316 -87.84351 -96.91486 -103.7492 -117.58 -108.118 -98.58443 -93.16399 -92.39783 -83.00965 -67.71942 -44.86494 -19.93027 8.826779 20.75109 30.79266 36.55883 29.72053 18.35092 5.659254 -6.277629 -14.0048 -18.94994 -20.86822 -29.74356 -29.84592 -45.36086 -57.89431 -67.98365 -78.56268 -90.38486 -103.3886 -115.3815 -121.3585 -116.1097 -105.2008 -93.49976 -89.08001 -79.66766 -76.97047 -79.10881
-9999 -9999 -9999 -9999 -19.31447 -15.93713 -15.87349 -14.47517 -16.31522 -16.54072 -16.90687 -18.83306 -18.22232 -16.03775 -15.40195 -15.83859 -16.42426 -16.91787 -23.34499 -26.58364 -35.37644 -46.87024 -60.13603 -70.93856 -80.24728 -90.38052 -108.8046 -109.3688 -94.60453 -72.02622 -77.75332 -111.2521 -100.2703 -84.02153 -69.72522 -47.91034 -22.96087 6.532084 20.51702 31.41181 33.28495 25.78188 13.92937 -0.387065 -6.74184 -9.836932 -14.29393 -20.51081 -18.04883 -31.4727 -46.78636 -60.09642 -73.66083 -88.67564 -106.5533 -129.4103 -129.5618 -122.9722 -113.9915 -104.3974 -96.39954 -86.21254 -82.90427 -82.27628
-9999 -9999 -9999 -9999 -17.05914 -19.30877 -20.43038 -21.4839 -22.94181 -17.86188 -13.8163 -24.58033 -17.62218 -13.39464 -13.90402 -12.75942 -15.56231 -16.62758 -21.82942 -29.04007 -32.33098 -38.29216 -56.12365 -63.82375 -72.58024 -81.36246 -91.59595 -93.5507 -83.99855 -64.36221 -86.46152 -102.9479 -110.2148 -90.86597 -82.41651 -69.20159 -56.8803 -31.97077 -2.80413 16.86633 29.57235 26.90511 16.3863 1.086605 -0.9257321 -0.5716124 0.4432843 -9.693498 -14.71162 -23.92492 -37.05873 -51.45795 -66.94437 -84.06725 -103.8379 -126.0248 -130.4556 -129.7023 -123.7609 -113.7009 -104.0595 -98.20839 -93.68972 -91.30983
-9999 -9999 -9999 -9999 -25.1639 -28.73113 -29.53041 -30.92698 -30.85741 -27.61603 -21.48749 -28.54023 -24.93161 -27.77372 -24.57046 -31.8182 -22.71415 -21.5597 -24.31705 -29.93583 -31.894 -36.88258 -46.4113 -56.24448 -61.5384 -67.92679 -76.21381 -86.91083 -85.37412 -86.46744 -97.77085 -94.42803 -105.1898 -101.0791 -93.36607 -85.67652 -76.57825 -63.51102 -34.15117 -1.595143 18.95506 22.06351 16.69034 10.36277 7.161235 7.462112 10.92424 9.798146 -2.066461 -13.4431 -26.71208 -42.16732 -59.03928 -77.32146 -96.89974 -115.6888 -128.9723 -135.563 -129.7134 -120.4578 -108.6483 -107.4104 -102.485 -102.464
-9999 -9999 -9999 -9999 -35.01316 -35.5435 -38.09375 -37.72876 -39.46911 -37.98086 -37.06846 -34.92074 -32.0361 -28.77004 -25.94545 -32.88204 -30.42408 -36.10181 -30.59949 -31.20265 -35.1041 -37.28813 -38.70315 -46.0742 -50.6427 -57.94981 -68.21935 -75.84978 -82.89298 -93.67638 -95.73474 -100.4615 -116.6856 -119.3542 -115.7682 -98.72254 -90.59677 -80.09505 -55.35163 -38.33933 -0.6491777 11.82224 15.14235 10.01087 13.88595 11.64703 10.32807 11.17223 6.634205 0.5259664 -14.5514 -31.55414 -49.7398 -69.01181 -89.83111 -112.2819 -134.5007 -141.8385 -135.6432 -126.3386 -116.6451 -116.0185 -110.7177 -102.9452
-9999 -9999 -9999 -9999 -9999 -46.72155 -45.80331 -43.48247 -46.87086 -45.48419 -44.18399 -41.45629 -38.15839 -28.96217 -28.21049 -32.134 -31.09466 -31.46659 -32.1316 -32.95412 -29.39506 -31.873 -30.03167 -28.11746 -38.61729 -48.89741 -56.93034 -62.31271 -68.33646 -80.53345 -87.86639 -100.3522 -114.6493 -107.3583 -112.7129 -97.77435 -87.01435 -82.0132 -74.94037 -58.67762 -23.46187 -8.844528 3.572817 4.000743 6.68249 6.876667 6.638661 7.348528 5.91714 -1.07573 -2.29712 -19.79386 -39.48709 -59.08316 -80.90504 -108.1559 -141.6427 -147.7131 -143.5409 -138.5042 -130.2367 -121.1326 -117.5579 -105.916
-9999 -9999 -9999 -9999 -9999 -9999 -9999 -44.74149 -46.7822 -47.7735 -45.63055 -43.10857 -39.34955 -37.6904 -39.21286 -39.44208 -35.18324 -23.94976 -33.47097 -34.20956 -28.34032 -33.04348 -27.75152 -20.40797 -30.80858 -41.40203 -48.68117 -54.28016 -59.84219 -73.2745 -82.26398 -91.51385 -100.5198 -91.60905 -93.12827 -80.34594 -74.76867 -88.37524 -78.04446 -64.75026 -44.23774 -30.37414 -19.96494 -9.888453 -7.526197 -2.415174 2.251728 5.214252 5.266674 4.359269 2.710147 -11.30727 -29.08563 -47.12921 -66.84074 -93.95351 -144.7676 -150.6693 -148.7802 -144.0296 -136.4391 -124.1263 -121.1801 -109.6727
-9999 -9999 -9999 -9999 -9999 -9999 -9999 -9999 -44.55404 -45.84817 -47.04992 -44.89676 -42.49944 -42.98086 -44.44095 -45.02932 -47.4786 -38.75459 -38.60089 -37.27262 -28.4545 -21.48033 -25.21074 -24.70624 -30.02833 -36.80092 -42.15981 -46.7108 -52.91813 -64.54936 -75.32537 -84.28471 -93.84055 -77.65697 -84.85461 -98.5909 -96.5501 -100.1305 -77.20769 -73.97627 -60.67397 -43.21687 -37.39331 -26.22438 -20.11971 -9.427231 -1.630676 0.4093612 3.147958 5.123241 2.896152 -3.33024 -18.51502 -33.73421 -47.32907 -57.55312 -56.91481 -136.7041 -150.7527 -148.1862 -137.6184 -129.0753 -121.8784 -114.9862
-9999 -9999 -9999 -9999 -9999 -9999 -9999 -9999 -9999 -44.08179 -45.92559 -44.49533 -43.86281 -45.37823 -51.2076 -53.18984 -57.24008 -51.88484 -49.48838 -43.64814 -34.62399 -25.95388 -27.78614 -28.42545 -30.47796 -33.75718 -36.66407 -38.25467 -38.33701 -49.58846 -65.323 -88.00919 -94.91689 -78.31269 -82.62708 -94.74406 -98.7721 -96.72594 -88.63412 -84.63845 -76.96364 -65.9385 -50.00101 -35.86174 -24.0174 -15.29425 -9.208401 -5.520551 -2.736384 -1.950587 -2.021447 -1.921355 -11.25409 -22.07546 -30.33337 -30.98257 -21.52666 -95.25082 -141.6633 -149.9423 -141.3365 -136.7198 -126.874 -119.3167
-9999 -9999 -9999 -9999 -9999 -9999 -9999 -9999 -9999 -9999 -41.35408 -44.01226 -43.72847 -45.69926 -48.68528 -49.35864 -50.64614 -41.62305 -49.34024 -50.31951 -43.88386 -39.50572 -33.22919 -31.02307 -29.95974 -31.17308 -32.54237 -31.71953 -28.98339 -33.56162 -48.93554 -65.84643 -79.05837 -79.01463 -80.40557 -79.97374 -79.94524 -83.31355 -94.11587 -90.29773 -87.2567 -77.82687 -63.10434 -46.61636 -31.97224 -30.39592 -17.67825 -10.91778 -8.723177 -9.529072 -8.924841 -5.949262 -5.430207 -12.58741 -19.5006 -23.61107 -28.33105 -42.31425 -126.5197 -149.4298 -143.5772 -139.2953 -132.4627 -127.5623
